552 8 552 35
555 10 555 27
147 8 147 37
552 8 552 35
588 36 588 37
441 8 441 28
552 8 552 35
555 10 555 27
147 8 147 37
552 8 552 35
588 36 588 37
441 8 441 28
552 8 552 35
555 10 555 27
147 8 147 37
552 8 552 35
588 36 588 37
441 8 441 28
552 8 552 35
555 10 555 27
147 8 147 37
552 8 552 35
588 36 588 37
441 8 441 28
552 8 552 35
555 10 555 27
147 8 147 37
552 8 552 35
588 36 588 37
441 8 441 28
552 8 552 35
555 10 555 27
147 8 147 37
552 8 552 35
588 36 588 37
441 8 441 28
552 8 552 35
555 10 555 27
147 8 147 37
552 8 552 35
588 36 588 37
441 8 441 28
552 8 552 35
555 10 555 27
147 8 147 37
552 8 552 35
588 36 588 37
441 8 441 28
552 8 552 35
555 10 555 27
147 8 147 37
552 8 552 35
588 36 588 37
441 8 441 28
552 8 552 35
555 10 555 27
441 8 441 28
443 11 443 27
552 8 552 35
555 10 555 27
147 8 147 37
552 8 552 35
588 36 588 37
441 8 441 28
