215 8 215 18
552 8 552 35
555 10 555 27
227 8 227 17
441 8 441 28
443 11 443 27
215 8 215 18
552 8 552 35
555 10 555 27
227 8 227 17
441 8 441 28
443 11 443 27
215 8 215 18
552 8 552 35
555 10 555 27
227 8 227 17
441 8 441 28
443 11 443 27
215 8 215 18
552 8 552 35
555 10 555 27
227 8 227 17
441 8 441 28
443 11 443 27
215 8 215 18
552 8 552 35
555 10 555 27
227 8 227 17
441 8 441 28
443 11 443 27
215 8 215 18
552 8 552 35
555 10 555 27
227 8 227 17
441 8 441 28
443 11 443 27
215 8 215 18
552 8 552 35
555 10 555 27
227 8 227 17
441 8 441 28
443 11 443 27
215 8 215 18
552 8 552 35
555 10 555 27
227 8 227 17
441 8 441 28
443 11 443 27
215 8 215 18
552 8 552 35
555 10 555 27
227 8 227 17
441 8 441 28
443 11 443 27
215 8 215 18
552 8 552 35
555 10 555 27
227 8 227 17
441 8 441 28
443 11 443 27
215 8 215 18
552 8 552 35
555 10 555 27
227 8 227 17
441 8 441 28
443 11 443 27
215 8 215 18
552 8 552 35
555 10 555 27
227 8 227 17
441 8 441 28
443 11 443 27
552 8 552 35
555 10 555 27
441 8 441 28
443 11 443 27
552 8 552 35
555 10 555 27
441 8 441 28
443 11 443 27
552 8 552 35
555 10 555 27
100 10 100 27
441 8 441 28
443 11 443 27
552 8 552 35
555 10 555 27
100 10 100 27
441 8 441 28
443 11 443 27
552 8 552 35
555 10 555 27
441 8 441 28
443 11 443 27
552 8 552 35
555 10 555 27
100 10 100 27
441 8 441 28
443 11 443 27
552 8 552 35
555 10 555 27
441 8 441 28
443 11 443 27
552 8 552 35
555 10 555 27
441 8 441 28
443 11 443 27
552 8 552 35
555 10 555 27
100 10 100 27
441 8 441 28
443 11 443 27
552 8 552 35
555 10 555 27
100 10 100 27
441 8 441 28
443 11 443 27
552 8 552 35
555 10 555 27
100 10 100 27
441 8 441 28
443 11 443 27
552 8 552 35
555 10 555 27
441 8 441 28
443 11 443 27
215 8 215 18
552 8 552 35
555 10 555 27
227 8 227 17
441 8 441 28
443 11 443 27
215 8 215 18
552 8 552 35
555 10 555 27
227 8 227 17
441 8 441 28
443 11 443 27
215 8 215 18
552 8 552 35
555 10 555 27
227 8 227 17
441 8 441 28
443 11 443 27
215 8 215 18
552 8 552 35
555 10 555 27
227 8 227 17
441 8 441 28
443 11 443 27
215 8 215 18
552 8 552 35
555 10 555 27
227 8 227 17
441 8 441 28
443 11 443 27
215 8 215 18
552 8 552 35
555 10 555 27
227 8 227 17
441 8 441 28
443 11 443 27
215 8 215 18
552 8 552 35
555 10 555 27
227 8 227 17
552 8 552 35
441 8 441 28
215 8 215 18
552 8 552 35
555 10 555 27
227 8 227 17
552 8 552 35
441 8 441 28
215 8 215 18
552 8 552 35
555 10 555 27
227 8 227 17
552 8 552 35
441 8 441 28
552 8 552 35
555 10 555 27
182 8 182 25
441 8 441 28
443 11 443 27
552 8 552 35
555 10 555 27
182 8 182 25
441 8 441 28
443 11 443 27
552 8 552 35
555 10 555 27
182 8 182 25
441 8 441 28
443 11 443 27
552 8 552 35
555 10 555 27
182 8 182 25
441 8 441 28
443 11 443 27
552 8 552 35
555 10 555 27
182 8 182 25
441 8 441 28
443 11 443 27
552 8 552 35
555 10 555 27
182 8 182 25
441 8 441 28
443 11 443 27
215 8 215 18
552 8 552 35
555 10 555 27
227 8 227 17
441 8 441 28
443 11 443 27
215 8 215 18
552 8 552 35
555 10 555 27
227 8 227 17
441 8 441 28
443 11 443 27
215 8 215 18
552 8 552 35
555 10 555 27
227 8 227 17
552 8 552 35
441 8 441 28
215 8 215 18
552 8 552 35
555 10 555 27
227 8 227 17
552 8 552 35
441 8 441 28
215 8 215 18
552 8 552 35
555 10 555 27
227 8 227 17
441 8 441 28
443 11 443 27
215 8 215 18
552 8 552 35
555 10 555 27
227 8 227 17
441 8 441 28
443 11 443 27
552 8 552 35
555 10 555 27
100 10 100 27
215 8 215 18
552 8 552 35
227 8 227 17
441 8 441 28
552 8 552 35
555 10 555 27
100 10 100 27
215 8 215 18
552 8 552 35
227 8 227 17
441 8 441 28
552 8 552 35
555 10 555 27
100 10 100 27
215 8 215 18
552 8 552 35
227 8 227 17
441 8 441 28
215 8 215 18
552 8 552 35
555 10 555 27
227 8 227 17
441 8 441 28
443 11 443 27
552 8 552 35
555 10 555 27
100 10 100 27
215 8 215 18
552 8 552 35
227 8 227 17
441 8 441 28
