276 13 276 33
417 13 417 36
424 13 424 29
431 13 431 27
276 13 276 33
417 13 417 36
424 13 424 29
431 13 431 27
276 13 276 33
417 13 417 36
424 13 424 29
431 13 431 27
276 13 276 33
417 13 417 36
424 13 424 29
431 13 431 27
824 13 824 20
824 13 824 20
276 13 276 33
417 13 417 36
424 13 424 29
431 13 431 27
824 13 824 20
824 13 824 20
276 13 276 33
417 13 417 36
424 13 424 29
431 13 431 27
276 13 276 33
417 13 417 36
424 13 424 29
431 13 431 27
824 13 824 20
824 13 824 20
824 13 824 20
824 13 824 20
324 13 324 61
324 13 324 61
324 13 324 61
324 13 324 61
324 13 324 61
324 13 324 61
824 13 824 20
824 13 824 20
324 13 324 61
824 13 824 20
824 13 824 20
324 13 324 61
824 13 824 20
824 13 824 20
324 13 324 61
824 13 824 20
824 13 824 20
324 13 324 61
824 13 824 20
824 13 824 20
364 13 364 68
364 13 364 68
824 13 824 20
824 13 824 20
512 13 512 28
516 19 516 24
523 17 523 22
824 13 824 20
824 13 824 20
512 13 512 28
516 19 516 24
523 17 523 22
824 13 824 20
824 13 824 20
512 13 512 28
516 19 516 24
523 17 523 22
512 13 512 28
516 19 516 24
523 17 523 22
824 13 824 20
824 13 824 20
324 13 324 61
324 13 324 61
324 13 324 61
324 13 324 61
824 13 824 20
824 13 824 20
824 13 824 20
824 13 824 20
824 13 824 20
824 13 824 20
