44 5 44 48
53 5 53 29
114 5 147 6
117 7 117 51
149 5 149 43
155 5 186 6
157 7 157 36
157 7 157 36
159 7 159 36
163 7 166 8
170 7 173 8
171 9 171 24
155 5 186 6
157 7 157 36
157 7 157 36
159 7 159 36
163 7 166 8
164 9 164 45
389 7 389 31
389 7 389 31
389 7 389 31
391 5 391 25
393 5 393 30
155 5 186 6
157 7 157 36
159 7 159 36
163 7 166 8
170 7 173 8
176 7 176 20
179 7 179 31
181 7 184 8
389 7 389 31
389 7 389 31
389 7 389 31
391 5 391 25
393 5 393 30
155 5 186 6
157 7 157 36
159 7 159 36
163 7 166 8
170 7 173 8
176 7 176 20
179 7 179 31
181 7 184 8
182 9 182 26
183 9 183 31
389 7 389 31
389 7 389 31
391 5 391 25
393 5 393 30
114 5 147 6
117 7 117 51
119 7 119 45
121 7 124 8
126 7 127 37
129 7 130 16
132 7 132 31
136 7 145 8
138 9 138 42
141 11 141 28
143 9 143 29
389 7 389 31
391 5 391 25
393 5 393 30
