276 13 276 33
417 13 417 36
424 13 424 29
431 13 431 27
276 13 276 33
417 13 417 36
424 13 424 29
431 13 431 27
276 13 276 33
417 13 417 36
424 13 424 29
431 13 431 27
276 13 276 33
276 13 276 33
417 13 417 36
424 13 424 29
431 13 431 27
276 13 276 33
417 13 417 36
424 13 424 29
431 13 431 27
290 29 290 44
276 13 276 33
417 13 417 36
424 13 424 29
431 13 431 27
276 13 276 33
417 13 417 36
424 13 424 29
276 13 276 33
417 13 417 36
424 13 424 29
431 13 431 27
276 13 276 33
417 13 417 36
424 13 424 29
431 13 431 27
276 13 276 33
417 13 417 36
276 13 276 33
417 13 417 36
424 13 424 29
431 13 431 27
290 29 290 44
276 13 276 33
417 13 417 36
424 13 424 29
431 13 431 27
276 13 276 33
417 13 417 36
424 13 424 29
431 13 431 27
290 29 290 44
324 13 324 61
324 13 324 61
824 13 824 20
824 13 824 20
276 13 276 33
417 13 417 36
424 13 424 29
431 13 431 27
290 29 290 44
