276 13 276 33
417 13 417 36
424 13 424 29
431 13 431 27
276 13 276 33
417 13 417 36
424 13 424 29
431 13 431 27
276 13 276 33
417 13 417 36
424 13 424 29
431 13 431 27
737 13 737 22
740 13 740 36
743 13 743 57
737 13 737 22
740 13 740 36
743 13 743 57
737 13 737 22
740 13 740 36
743 13 743 57
737 13 737 22
740 13 740 36
743 13 743 57
737 13 737 22
740 13 740 36
743 13 743 57
737 13 737 22
740 13 740 36
743 13 743 57
737 13 737 22
740 13 740 36
743 13 743 57
737 13 737 22
740 13 740 36
743 13 743 57
737 13 737 22
740 13 740 36
743 13 743 57
737 13 737 22
740 13 740 36
743 13 743 57
737 13 737 22
740 13 740 36
743 13 743 57
737 13 737 22
740 13 740 36
743 13 743 57
737 13 737 22
740 13 740 36
743 13 743 57
737 13 737 22
740 13 740 36
743 13 743 57
737 13 737 22
740 13 740 36
743 13 743 57
737 13 737 22
740 13 740 36
743 13 743 57
737 13 737 22
740 13 740 36
743 13 743 57
737 13 737 22
740 13 740 36
743 13 743 57
737 13 737 22
740 13 740 36
743 13 743 57
737 13 737 22
740 13 740 36
743 13 743 57
