260 13 260 38
260 13 260 38
260 13 260 38
187 13 187 44
198 13 198 35
214 17 214 39
214 17 214 39
214 17 214 39
154 11 154 42
161 11 161 33
384 17 384 60
384 17 384 60
384 17 384 60
384 17 384 60
384 17 384 60
384 17 384 60
384 17 384 60
384 17 384 60
384 17 384 60
328 13 328 44
338 17 338 60
338 17 338 60
338 17 338 60
338 17 338 60
338 17 338 60
338 17 338 60
314 17 314 53
314 17 314 53
316 24 316 61
355 17 355 43
355 17 355 43
355 17 355 43
355 17 355 43
355 17 355 43
355 17 355 43
355 17 355 43
355 17 355 43
355 17 355 43
355 17 355 43
355 17 355 43
355 17 355 43
355 17 355 43
355 17 355 43
355 17 355 43
355 17 355 43
355 17 355 43
355 17 355 43
355 17 355 43
355 17 355 43
355 17 355 43
355 17 355 43
355 17 355 43
355 17 355 43
355 17 355 43
355 17 355 43
355 17 355 43
355 17 355 43
355 17 355 43
355 17 355 43
355 17 355 43
355 17 355 43
355 17 355 43
355 17 355 43
355 17 355 43
355 17 355 43
355 17 355 43
355 17 355 43
355 17 355 43
355 17 355 43
384 17 384 60
384 17 384 60
384 17 384 60
384 17 384 60
384 17 384 60
384 17 384 60
384 17 384 60
314 17 314 53
316 24 316 61
314 17 314 53
316 24 316 61
314 17 314 53
316 24 316 61
405 15 405 27
314 17 314 53
316 24 316 61
314 17 314 53
316 24 316 61
314 17 314 53
314 17 314 53
316 24 316 61
410 35 410 48
415 22 415 50
405 15 405 27
314 17 314 53
316 24 316 61
314 17 314 53
316 24 316 61
314 17 314 53
316 24 316 61
314 17 314 53
410 35 410 48
415 22 415 50
