124 8 124 34
127 8 127 34
130 8 130 39
124 8 124 34
127 8 127 34
130 8 130 39
124 8 124 34
127 8 127 34
130 8 130 39
124 8 124 34
127 8 127 34
130 8 130 39
321 7 321 66
369 7 369 13
324 7 324 15
219 8 219 21
219 8 219 21
219 8 219 21
219 8 219 21
219 8 219 21
234 8 234 22
234 8 234 22
234 8 234 22
234 8 234 22
234 8 234 22
169 9 169 32
169 9 169 32
169 9 169 32
169 9 169 32
169 9 169 32
169 9 169 32
169 9 169 32
169 9 169 32
169 9 169 32
169 9 169 32
169 9 169 32
169 9 169 32
169 9 169 32
169 9 169 32
169 9 169 32
169 9 169 32
169 9 169 32
169 9 169 32
169 9 169 32
169 9 169 32
169 9 169 32
169 9 169 32
169 9 169 32
169 9 169 32
169 9 169 32
169 9 169 32
169 9 169 32
169 9 169 32
169 9 169 32
169 9 169 32
169 9 169 32
169 9 169 32
169 9 169 32
169 9 169 32
169 9 169 32
169 9 169 32
169 9 169 32
169 9 169 32
169 9 169 32
169 9 169 32
169 9 169 32
169 9 169 32
169 9 169 32
169 9 169 32
169 9 169 32
169 9 169 32
169 9 169 32
169 9 169 32
169 9 169 32
169 9 169 32
169 9 169 32
169 9 169 32
169 9 169 32
169 9 169 32
169 9 169 32
169 9 169 32
169 9 169 32
169 9 169 32
169 9 169 32
169 9 169 32
169 9 169 32
169 9 169 32
169 9 169 32
169 9 169 32
169 9 169 32
169 9 169 32
169 9 169 32
169 9 169 32
169 9 169 32
169 9 169 32
169 9 169 32
169 9 169 32
169 9 169 32
169 9 169 32
169 9 169 32
169 9 169 32
169 9 169 32
169 9 169 32
169 9 169 32
169 9 169 32
169 9 169 32
169 9 169 32
169 9 169 32
169 9 169 32
169 9 169 32
169 9 169 32
169 9 169 32
169 9 169 32
169 9 169 32
169 9 169 32
169 9 169 32
169 9 169 32
169 9 169 32
169 9 169 32
169 9 169 32
169 9 169 32
169 9 169 32
169 9 169 32
169 9 169 32
169 9 169 32
200 9 200 34
200 9 200 34
200 9 200 34
200 9 200 34
200 9 200 34
200 9 200 34
288 8 288 24
288 8 288 24
219 8 219 21
219 8 219 21
219 8 219 21
219 8 219 21
219 8 219 21
234 8 234 22
234 8 234 22
234 8 234 22
234 8 234 22
234 8 234 22
169 9 169 32
169 9 169 32
169 9 169 32
169 9 169 32
169 9 169 32
169 9 169 32
169 9 169 32
169 9 169 32
169 9 169 32
169 9 169 32
169 9 169 32
169 9 169 32
169 9 169 32
169 9 169 32
169 9 169 32
169 9 169 32
169 9 169 32
169 9 169 32
169 9 169 32
169 9 169 32
169 9 169 32
169 9 169 32
169 9 169 32
169 9 169 32
169 9 169 32
169 9 169 32
169 9 169 32
169 9 169 32
169 9 169 32
169 9 169 32
169 9 169 32
169 9 169 32
169 9 169 32
169 9 169 32
169 9 169 32
169 9 169 32
169 9 169 32
169 9 169 32
169 9 169 32
169 9 169 32
169 9 169 32
169 9 169 32
169 9 169 32
169 9 169 32
169 9 169 32
169 9 169 32
169 9 169 32
169 9 169 32
169 9 169 32
169 9 169 32
169 9 169 32
169 9 169 32
169 9 169 32
169 9 169 32
169 9 169 32
169 9 169 32
169 9 169 32
169 9 169 32
169 9 169 32
169 9 169 32
169 9 169 32
169 9 169 32
169 9 169 32
169 9 169 32
169 9 169 32
169 9 169 32
169 9 169 32
169 9 169 32
169 9 169 32
169 9 169 32
169 9 169 32
169 9 169 32
169 9 169 32
169 9 169 32
169 9 169 32
169 9 169 32
169 9 169 32
169 9 169 32
169 9 169 32
169 9 169 32
169 9 169 32
169 9 169 32
169 9 169 32
169 9 169 32
169 9 169 32
169 9 169 32
169 9 169 32
169 9 169 32
169 9 169 32
169 9 169 32
169 9 169 32
169 9 169 32
169 9 169 32
169 9 169 32
169 9 169 32
169 9 169 32
169 9 169 32
169 9 169 32
169 9 169 32
169 9 169 32
200 9 200 34
200 9 200 34
200 9 200 34
200 9 200 34
200 9 200 34
200 9 200 34
288 8 288 24
288 8 288 24
288 8 288 24
288 8 288 24
